6
52948753
6
45041039
5
50732546
5
50732546
5
50122160
5
50122160
5
49693975
4
53096008
4
52906860
4
52558609
4
52447932
4
52173832
4
50732546
4
50732546
4
50732546
4
50732546
4
50732546
4
50122160
4
50122160
4
50122160
4
50122160
4
50122160
4
50122160
4
50122160
4
50122160
4
50122160
4
50122160
4
50122160
4
50122160
4
50122160
4
50122160
4
50122160
4
50122160
4
50122160
4
50122160
4
50122160
4
48656978
4
45041039
4
33993847
3
53096149
3
53095241
3
53094545
3
53093476
3
53092570
3
53091579
3
53087372
3
53085673
3
53083067
3
53078177
3
53077677
3
53077677
3
53058003
3
53053892
3
53053358
3
53041254
3
53041222
3
52921971
3
52912922
3
52894384
3
52894384
3
52872563
3
52868812
3
52820994
3
52768337
3
52721795
3
52712162
3
52653706
3
52640843
3
52574579
3
52549534
3
52543421
3
52506725
3
52494925
3
52489871
3
52480140
3
52432257
3
52254603
3
52173832
3
52106113
3
52070241
3
52008531
3
51925715
3
51744771
3
51744771
3
51706075
3
51670735
3
51627410
3
51403161
3
51388692
3
51388692
3
51324308
3
51209967
3
51204643
3
51126995
3
50919803
3
50732546
3
50732546
3
50732546
3
50732546
3
50732546
3
50732546
3
50732546
3
50732546
3
50732546
3
50732546
3
50732546
3
50732546
3
50732546
3
50732546
3
50732546
3
50732546
3
50732546
3
50732546
3
50732546
3
50732546
3
50732546
3
50732546
3
50732546
3
50732546
3
50718004
3
50537473
3
50389232
3
50122160
3
50122160
3
50122160
3
50122160
3
50122160
3
50122160
3
50122160
3
50122160
3
50122160
3
50122160
3
50122160
3
50122160
3
50122160
3
50122160
3
50122160
3
50122160
3
50122160
3
50122160
3
50122160
3
50122160
3
50122160
3
50122160
3
50122160
3
50122160
3
50122160
3
50122160
3
50122160
3
50122160
3
50122160
3
50122160
3
50122160
3
50122160
3
50122160
3
50122160
3
50122160
3
50122160
3
50122160
3
50122160
3
50122160
3
50122160
3
50122160
3
50122160
3
50122160
3
50122160
3
50122160
3
50122160
3
50122160
3
50122160
3
50122160
3
50122160
3
50122160
3
50122160
3
50122160
3
50122160
3
50122160
3
50122160
3
50122160
3
50122160
3
50122160
3
50122160
3
50122160
3
50122160
3
50122160
3
50122160
3
50122160
3
50122160
3
50122160
3
50122160
3
50122160
3
50122160
3
50122160
3
50122160
3
50122160
3
50122160
3
50122160
3
50122160
3
50122160
3
50122160
3
50122160
3
50122160
3
50122160
3
50122160
3
50122160
3
50122160
3
50122160
3
50122160
3
50122160
3
50122160
3
50122160
3
50122160
3
50122160
3
50122160
3
50122160
3
50122160
3
50122160
3
50122160
3
50122160
3
50122160
3
50122160
3
50122160
3
50122160
3
50122160
3
50122160
3
50122160
3
50122160
3
50122160
3
50122160
3
50122160
3
50122160
3
50078997
3
50068216
3
49935455
3
49709381
3
49709381
3
49648023
3
49554431
3
48379653
3
48379653
3
47307757
3
47307239
3
45041039
3
45041039
3
45041039
3
45041039
3
45041039
3
45041039
3
45041039
3
44034564
3
42852744
3
39558811
3
36642996
3
36247714
3
36152181
3
30668793
3
27992854
3
27601358
3
20486505
2
53096582
2
53096571
2
53096497
2
53096476
2
53096384
2
53096364
2
53096188
2
53096168
2
53096155
2
53096091
2
53096008
2
53095838
2
53095818
2
53095813
2
53095734
2
53095549
2
53095549
2
53095411
2
53095293
2
53095283
2
53095056
2
53094801
2
53094239
2
53094122
2
53094052
2
53093818
2
53093609
2
53093476
2
53093476
2
53093040
2
53092736
2
53092720
2
53092606
2
53092570
2
53092436
2
53091438
2
53091095
2
53090159
2
53090014
2
53089199
2
53088994
2
53088779
2
53088439
2
53087979
2
53087979
2
53087799
2
53087570
2
53087303
2
53087248
2
53087166
2
53087120
2
53086762
2
53086628
2
53085792
2
53085675
2
53085673
2
53085673
2
53085589
2
53084941
2
53084777
2
53084640
2
53084107
2
53084041
2
53084041
2
53084041
2
53084029
2
53083721
2
53083639
2
53083067
2
53082440
2
53082109
2
53082109
2
53081892
2
53081678
2
53080460
2
53080304
2
53079621
2
53079483
2
53079483
2
53079393
2
53078987
2
53078424
2
53078383
2
53078383
2
53078187
2
53078177
2
53078097
2
53077641
2
53076976
2
53076684
2
53076411
2
53074532
2
53074532
2
53074530
2
53074530
2
53074065
2
53073369
2
53073369
2
53073083
2
53072811
2
53072811
2
53072811
2
53072811
2
53072689
2
53072530
2
53072031
2
53071872
2
53071109
2
53071109
2
53071109
2
53070854
2
53070146
2
53069977
2
53069977
2
53069878
2
53068486
2
53067931
2
53067931
2
53067931
2
53067930
2
53067859
2
53064700
2
53063647
2
53063505
2
53063463
2
53062266
2
53061981
2
53061035
2
53061035
2
53061035
2
53060242
2
53059759
2
53059087
2
53057884
2
53057276
2
53057224
2
53055759
2
53055249
2
53053266
2
53053255
2
53051790
2
53051790
2
53051299
2
53050096
2
53049909
2
53049453
2
53049146
2
53048056
2
53048056
2
53047425
2
53047293
2
53047293
2
53046831
2
53046192
2
53044261
2
53044122
2
53043998
2
53043649
2
53040765
2
53040628
2
53038916
2
53038747
2
53038613
2
53037408
2
53036559
2
53033561
2
53033443
2
53032533
2
53032237
2
53032124
2
53031983
2
53031782
2
53031118
2
53029686
2
53029474
2
53029318
2
53027560
2
53026940
2
53026666
2
53026525
2
53024636
2
53024547
2
53023871
2
53023419
2
53023419
2
53023368
2
53022786
2
53021795
2
53020872
2
53020763
2
53020598
2
53020281
2
53019631
2
53019145
2
53018444
2
53018261
2
53016316
2
53014987
2
53012720
2
53010906
2
53009736
2
53009736
2
53009673
2
53009353
2
53009013
2
53008075
2
53008075
2
53008075
2
53007596
2
53007195
2
53004179
2
53004137
2
53003571
2
53002956
2
53002956
2
53002620
2
53002113
2
53000985
2
53000753
2
53000157
2
52999990
2
52999164
2
52996431
2
52996431
2
52996336
2
52995781
2
52993976
2
52993130
2
52992030
2
52991869
2
52990400
2
52990269
2
52987749
2
52985677
2
52983085
2
52981837
2
52979693
2
52978497
2
52978104
2
52977842
2
52977842
2
52977203
2
52976689
2
52975013
2
52974218
2
52974218
2
52973382
2
52972976
2
52972617
2
52971719
2
52971605
2
52971594
2
52970136
2
52969768
2
52969730
2
52968032
2
52966194
2
52962954
2
52962285
2
52961313
2
52959840
2
52959840
2
52957845
2
52957618
2
52955605
2
52953635
2
52953635
2
52953053
2
52952597
2
52951400
2
52950270
2
52949592
2
52948774
2
52947763
2
52947413
2
52946430
2
52946363
2
52945681
2
52944541
2
52944323
2
52943779
2
52943533
2
52943418
2
52942610
2
52942244
2
52941875
2
52941875
2
52941875
2
52941875
2
52938698
2
52938698
2
52937843
2
52936619
2
52934870
2
52934870
2
52934870
2
52934629
2
52934223
2
52933856
2
52933856
2
52932955
2
52931935
2
52931861
2
52931582
2
52931582
2
52931582
2
52931582
2
52931582
2
52931582
2
52930352
2
52930352
2
52930342
2
52929405
2
52927358
2
52927358
2
52926743
2
52925603
2
52925036
2
52923603
2
52922302
2
52921688
2
52921642
2
52920605
2
52920340
2
52920340
2
52919697
2
52919278
2
52918997
2
52918997
2
52918997
2
52918997
2
52918997
2
52918997
2
52918735
2
52918718
2
52914183
2
52913882
2
52913882
2
52913882
2
52912922
2
52910660
2
52908965
2
52908596
2
52908596
2
52906860
2
52905832
2
52905723
2
52905278
2
52905278
2
52905278
2
52904125
2
52902527
2
52901167
2
52897783
2
52897083
2
52894384
2
52894384
2
52894384
2
52894384
2
52894384
2
52894384
2
52894384
2
52894384
2
52893785
2
52893081
2
52891667
2
52891119
2
52891109
2
52889020
2
52888164
2
52887769
2
52884817
2
52884142
2
52883835
2
52883835
2
52881683
2
52880662
2
52876684
2
52876603
2
52875700
2
52875304
2
52875304
2
52875304
2
52875068
2
52874885
2
52874885
2
52874885
2
52874885
2
52874885
2
52873070
2
52872993
2
52872836
2
52871710
2
52870919
2
52864953
2
52864207
2
52864033
2
52863401
2
52863311
2
52862335
2
52861519
2
52858772
2
52858682
2
52854198
2
52853018
2
52852836
2
52852098
2
52847209
2
52845354
2
52845354
2
52842809
2
52839108
2
52835699
2
52835485
2
52834449
2
52833260
2
52833132
2
52832350
2
52830465
2
52828143
2
52828011
2
52826068
2
52823816
2
52823387
2
52822617
2
52822617
2
52821457
2
52821457
2
52821457
2
52821457
2
52821087
2
52821001
2
52820994
2
52820994
2
52820994
2
52820078
2
52819998
2
52819287
2
52818083
2
52817960
2
52816339
2
52813700
2
52812074
2
52811599
2
52811361
2
52811037
2
52808684
2
52808271
2
52807819
2
52806434
2
52804949
2
52802129
2
52801923
2
52801909
2
52800980
2
52800623
2
52799667
2
52799303
2
52795354
2
52789100
2
52787719
2
52786400
2
52784843
2
52781867
2
52781822
2
52781297
2
52780877
2
52780282
2
52779073
2
52778876
2
52778566
2
52778199
2
52776732
2
52776331
2
52774261
2
52773521
2
52771962
2
52768922
2
52768249
2
52767366
2
52766649
2
52765175
2
52764679
2
52763883
2
52762007
2
52761983
2
52761203
2
52760989
2
52760989
2
52760340
2
52760176
2
52759280
2
52758824
2
52757474
2
52753467
2
52753467
2
52753467
2
52753014
2
52751831
2
52750343
2
52746542
2
52745855
2
52741176
2
52736584
2
52735077
2
52735042
2
52735008
2
52722839
2
52721795
2
52721795
2
52721795
2
52721503
2
52721487
2
52720806
2
52717712
2
52717249
2
52716990
2
52715519
2
52715220
2
52715044
2
52714831
2
52714624
2
52712162
2
52712162
2
52711914
2
52711737
2
52710228
2
52709882
2
52709297
2
52708799
2
52707628
2
52707628
2
52706646
2
52706646
2
52706082
2
52706019
2
52706019
2
52704281
2
52699794
2
52697971
2
52697458
2
52695771
2
52693409
2
52692817
2
52692817
2
52692330
2
52691383
2
52690975
2
52690881
2
52689440
2
52687320
2
52683313
2
52683195
2
52680322
2
52675193
2
52673842
2
52670352
2
52666760
2
52666366
2
52662465
2
52662465
2
52660946
2
52660946
2
52660802
2
52660169
2
52657320
2
52654665
2
52653706
2
52653706
2
52653706
2
52653706
2
52653706
2
52653706
2
52653706
2
52653706
2
52650714
2
52649588
2
52646862
2
52644187
2
52643745
2
52641586
2
52640872
2
52635443
2
52631726
2
52627388
2
52624195
2
52623080
2
52621772
2
52618134
2
52615377
2
52615377
2
52615377
2
52615377
2
52615377
2
52609215
2
52608869
2
52605245
2
52604495
2
52603827
2
52601505
2
52599368
2
52599223
2
52598395
2
52598027
2
52596367
2
52592182
2
52591185
2
52590466
2
52589298
2
52587035
2
52586096
2
52584046
2
52580507
2
52578735
2
52575225
2
52571008
2
52569778
2
52565853
2
52564468
2
52564468
2
52564468
2
52564468
2
52563065
2
52562451
2
52562110
2
52558609
2
52558389
2
52558389
2
52558011
2
52556992
2
52556696
2
52556384
2
52554658
2
52554579
2
52553417
2
52547787
2
52545678
2
52544806
2
52544591
2
52544461
2
52543421
2
52540339
2
52535951
2
52534553
2
52533596
2
52532820
2
52526368
2
52522984
2
52522377
2
52520272
2
52517734
2
52516874
2
52514348
2
52514348
2
52512206
2
52510834
2
52509983
2
52508697
2
52507994
2
52506708
2
52505537
2
52501897
2
52501031
2
52500542
2
52500542
2
52499200
2
52494001
2
52489871
2
52489871
2
52489871
2
52488162
2
52481715
2
52479865
2
52479341
2
52479341
2
52479341
2
52479341
2
52479341
2
52479341
2
52479341
2
52479341
2
52478200
2
52478123
2
52476938
2
52476938
2
52467073
2
52465295
2
52464421
2
52459542
2
52456406
2
52455231
2
52455109
2
52454346
2
52452702
2
52451760
2
52451546
2
52451546
2
52451546
2
52451546
2
52451546
2
52451546
2
52451546
2
52451546
2
52451546
2
52451546
2
52447932
2
52447634
2
52444905
2
52444905
2
52443550
2
52443550
2
52443528
2
52440752
2
52440561
2
52438824
2
52438789
2
52437062
2
52434944
2
52434560
2
52433668
2
52433081
2
52432457
2
52432257
2
52432257
2
52430310
2
52427309
2
52425128
2
52424797
2
52422471
2
52422471
2
52412218
2
52409182
2
52409182
2
52407731
2
52388807
2
52387710
2
52386927
2
52381923
2
52369619
2
52360298
2
52360292
